Boundary
17856
10944
17664
11136
17664
12864
17856
13056
19200
13056
19392
13248
19392
15552
19200
15744
19200
16896
19392
17088
19392
17664
19200
17856
17856
17856
19200
17856
19392
18048
19392
20544
19200
20736
19200
22080
19008
22272
18432
22272
18048
22656
18048
27264
17856
27456
17856
30912
18240
31296
18240
32256
18048
32448
17856
32448
17664
32640
17664
33600
17472
33792
15168
33792
14976
33984
14976
38592
15168
38784
17664
38784
17856
38976
17856
39744
17856
38784
18048
38592
19776
38592
19968
38784
19968
39552
19968
36288
20160
36096
22464
36096
22656
36288
22464
36480
22464
38208
22656
38400
22656
39360
22656
38400
22464
38208
22464
36480
22656
36288
22656
35328
22848
35136
23616
35136
23808
34944
25344
34944
25536
35136
25728
35136
25536
35136
25344
34944
23808
34944
23616
35136
22848
35136
22656
35328
22656
35904
22464
36096
17856
36096
17664
35904
17664
32640
17856
32448
18432
32448
18240
32256
18240
31296
17856
30912
17856
27456
18048
27264
19968
27264
20160
27072
20160
22656
19968
22464
19392
22464
19200
22272
19200
20736
19392
20544
20544
20544
20736
20736
21504
20736
21696
20928
21696
21312
21888
21504
21888
22272
22656
23040
22656
23232
22848
23424
23040
23424
23232
23616
23232
23808
23424
24000
23424
24576
23616
24768
24000
24768
24192
24960
24192
27072
24000
27264
22464
27264
22272
27072
22272
26688
22464
26496
22464
26112
22464
26496
22272
26688
22272
27072
22464
27264
22464
27648
22464
27456
22656
27264
24000
27264
24192
27072
24192
24960
24384
24768
31680
24768
30912
24768
30720
24576
30720
23616
30720
24576
30528
24768
23616
24768
23424
24576
23424
24000
23232
23808
23232
23616
23040
23424
22848
23424
22656
23232
22656
23040
21888
22272
21888
21504
21696
21312
21696
20928
21504
20736
20736
20736
20544
20544
19584
20544
19392
20352
19392
17088
19584
16896
21888
16896
22080
16704
22080
15744
22272
15552
23808
15552
24000
15744
24000
16128
24384
16512
24384
17280
24576
17472
27072
17472
27264
17664
31872
17664
32064
17472
33600
17472
33984
17088
33984
16320
33792
16128
33792
14016
33984
13824
33984
11136
33984
13824
33792
14016
33792
16128
33984
16320
33984
17088
33600
17472
32064
17472
31872
17664
27264
17664
27072
17472
24576
17472
24384
17280
24384
16512
24000
16128
24000
15744
23808
15552
23616
15552
23424
15360
23424
14784
23616
14592
23616
14400
23616
14592
23424
14784
23424
15360
23232
15552
22464
15552
22272
15360
22272
10944
22272
15360
22080
15552
19584
15552
19392
15360
19392
13248
19584
13056
20160
13056
19968
12864
19968
11136
19776
10944
Rect
17664
36288
17856
36096
19776
36096
19968
36288
19968
38400
19776
38592
17856
38592
17664
38400
Rect
14976
33984
15168
33792
17472
33792
17664
33984
17664
38592
17472
38784
15168
38784
14976
38592
Rect
18048
26112
18240
25920
19968
25920
20160
26112
20160
27072
19968
27264
18240
27264
18048
27072
Rect
18432
22272
19200
22272
19392
22464
19968
22464
20160
22656
20160
25728
19968
25920
18240
25920
18048
25728
18048
22656
Rect
19200
15744
19392
15552
21888
15552
22080
15744
22080
16704
21888
16896
19584
16896
19392
17088
19200
16896
Rect
17664
11136
17856
10944
19776
10944
19968
11136
19968
12864
19776
13056
19584
13056
19392
13248
19200
13056
17856
13056
17664
12864
Line
27456
30912
27456
31104
27264
31296
27264
31488
27456
31680
27264
31872
27264
32064
27072
32256
25152
32256
24960
32064
24960
31104
24960
32064
25152
32256
27072
32256
27264
32064
27264
31872
27456
31680
30336
31680
30528
31488
33216
31488
33408
31680
33984
31680
33408
31680
33216
31488
30528
31488
30336
31680
27456
31680
27264
31488
27264
31296
27456
31104
Line
35328
24768
35328
25152
Line
35904
22656
35904
22848
Line
33600
19392
33600
19968
Line
37440
18048
37440
18240
over
