Boundary
25920
20736
25536
21120
25536
22848
25920
23232
30912
23232
28224
23232
28032
23040
28032
20928
27840
20736
Rect
25920
20736
27840
20736
28032
20928
28032
23040
27840
23232
25920
23232
25536
22848
25536
21120
Line
19200
22848
20928
22848
21120
23040
21120
23232
20928
23424
20928
25536
20736
25728
20352
25728
20928
25728
21120
25920
22464
25920
22848
26304
22848
26496
22848
26304
23040
26112
24384
26112
24768
26496
25536
26496
25728
26688
25728
28224
25920
28416
27840
28416
28032
28224
28032
26304
28224
26112
28800
26112
28992
25920
30912
25920
28992
25920
28800
26112
26112
26112
25728
26496
24768
26496
24384
26112
22848
26112
22656
25920
22656
25152
22656
25728
22464
25920
21120
25920
20928
25728
20928
23424
21120
23232
21120
23040
21312
22848
24384
22848
21312
22848
21120
23040
20928
22848
Line
26112
26112
27840
26112
28032
26304
28032
28224
27840
28416
25920
28416
25728
28224
25728
26496
over
