Boundary
25536
20736
25344
20928
25344
23040
24960
23424
24960
25152
24768
25344
24768
25920
24576
26112
24384
26112
25152
26112
25344
26304
25344
28032
25536
28224
27648
28224
27840
28032
27840
26304
28032
26112
29760
26112
29952
25920
30912
25920
29952
25920
29760
26112
28032
26112
27840
26304
27648
26112
25536
26112
25344
26304
25152
26112
24960
26112
24768
25920
24768
25344
24960
25152
24960
23424
25344
23040
28800
23040
28992
23232
30912
23232
28992
23232
28800
23040
27648
23040
27456
22848
27456
20928
27264
20736
Rect
25344
26304
25536
26112
27648
26112
27840
26304
27840
28032
27648
28224
25536
28224
25344
28032
Rect
25344
20928
25536
20736
27264
20736
27456
20928
27456
22848
27264
23040
25536
23040
25344
22848
Line
18432
25344
18432
25536
Line
20160
23232
19968
23424
19968
24000
19776
24192
19776
25152
19968
25344
21312
25344
21504
25536
21504
27072
21504
25536
21312
25344
19968
25344
19776
25152
19776
24192
19968
24000
19968
23424
20160
23232
21504
23232
21696
23424
22848
23424
21696
23424
21504
23232
over
