Boundary
25728
20352
25344
20736
25344
22848
25152
23040
22272
23040
22080
22848
21696
22848
21504
22656
21504
22464
21504
22656
21696
22848
22080
22848
22272
23040
25152
23040
25536
22656
28992
22656
29184
22848
30528
22848
29184
22848
28992
22656
27840
22656
27648
22464
27648
21888
27456
21696
27456
20544
27264
20352
Rect
25728
20352
27264
20352
27456
20544
27456
21696
27648
21888
27648
22464
27456
22656
25536
22656
25344
22464
25344
20736
Line
24960
25536
25536
25536
25728
25728
25728
27648
25920
27840
27840
27840
28032
27648
28032
25728
28224
25536
30912
25536
28224
25536
28032
25728
27840
25536
Line
25728
25728
25920
25536
27840
25536
28032
25728
28032
27648
27840
27840
25920
27840
25728
27648
Line
18432
25152
Line
18624
23232
18432
23424
18624
23232
19584
23232
19776
23424
19776
24768
19968
24960
22464
24960
22656
25152
22656
25536
22656
25152
22464
24960
19968
24960
19776
24768
19776
23424
19584
23232
over
