Boundary
24384
13824
24768
13824
24960
14016
24960
14976
24768
15168
24384
15168
24192
15360
20544
15360
20352
15168
20352
14208
20544
14016
21504
14016
21696
14208
21888
14208
21696
14208
21504
14016
20544
14016
20352
14208
17088
14208
20160
14208
20352
14400
20352
15168
20544
15360
22464
15360
22656
15552
22656
17472
22464
17664
19008
17664
18816
17472
18816
16704
19008
16512
19584
16512
18048
16512
18624
16512
18816
16704
18816
17472
19008
17664
22464
17664
22656
17856
22656
19968
22464
20160
21312
20160
21120
19968
21312
20160
22848
20160
23232
20544
23232
21888
23424
22080
24000
22080
24192
22272
24192
22656
24384
22848
24192
22656
24192
22272
24000
22080
23424
22080
23232
21888
23232
20544
22656
19968
22656
15552
22848
15360
24192
15360
24384
15168
24768
15168
24960
14976
24960
14784
25152
14592
27648
14592
27840
14400
31872
14400
27840
14400
27648
14592
25152
14592
24960
14400
24960
14016
24768
13824
Line
26112
33792
25920
33984
26112
33792
26688
33792
26880
33984
26880
34176
27072
34368
27456
34368
27648
34560
31872
34560
27648
34560
27456
34368
27072
34368
26880
34176
26880
33984
26688
33792
Line
23424
28032
23424
28416
23232
28608
23232
28800
23040
28992
23040
29184
22848
29376
22656
29376
22464
29568
22080
29568
21696
29952
21696
31872
21504
32064
17088
32064
19968
32064
20160
32256
20160
34176
19968
34368
17088
34368
20160
34368
20352
34560
20352
34752
20544
34944
20352
34752
20352
34560
20160
34368
20160
32256
20352
32064
21504
32064
21696
32256
21696
34368
22080
34752
24192
34752
24384
34560
24384
29952
24000
29568
23424
29568
23040
29184
23040
28992
23232
28800
23232
28608
23424
28416
Line
22848
29376
23040
29184
23424
29568
24000
29568
24384
29952
24384
34560
24192
34752
22080
34752
21696
34368
21696
29952
22080
29568
22464
29568
22656
29376
Line
24192
25728
Line
24960
24192
24768
24384
24192
24384
24768
24384
24960
24192
31872
24192
over
