Boundary
29376
8832
29568
8832
Line
24576
37632
27648
37632
27840
37824
27840
38592
27840
37824
28032
37632
29568
37632
29760
37824
29952
37824
29760
37824
29568
37632
Line
29376
30720
29184
30912
26880
30912
26688
31104
26880
30912
29184
30912
29376
30720
31872
30720
32064
30912
32448
30912
32064
30912
31872
30720
Line
21312
29952
21312
35712
21120
35904
20160
35904
19968
36096
19776
35904
19776
34944
19584
34752
18816
34752
18624
34560
18624
32640
18624
34560
18432
34752
17472
34752
17280
34560
17280
32640
17088
32448
15168
32448
17088
32448
17280
32640
17280
34560
17088
34752
15360
34752
19584
34752
19776
34944
19776
35904
19968
36096
19968
37248
19776
37440
15168
37440
22272
37440
22464
37248
22464
36096
22272
35904
21504
35904
21312
35712
Line
19968
36096
20160
35904
22272
35904
22464
36096
22464
37248
22272
37440
20160
37440
19968
37248
Line
24960
24384
32448
24384
32640
24576
32832
24576
32640
24576
32448
24384
Line
23616
24000
24192
24000
Line
21504
18432
21504
23616
21696
23808
21696
24000
21504
24192
21504
25536
21312
25728
21312
26688
21312
25728
21504
25536
21504
24192
21696
24000
21696
23808
21504
23616
Line
18624
18432
18432
18624
18432
19968
18240
20160
18240
23616
18240
20160
18432
19968
18432
18624
Line
16512
18240
16128
18624
16128
18816
15936
19008
15936
29376
16128
29568
16128
31104
16128
29568
15936
29376
15936
19008
16128
18816
16128
18624
16512
18240
16704
18432
16896
18432
16704
18432
Line
24768
18048
29952
18048
30144
18240
32832
18240
33024
18432
33216
18432
33024
18432
32832
18240
30144
18240
29952
18048
Line
18432
16512
Line
15168
11328
19584
11328
19776
11520
19776
14016
19584
14208
17280
14208
17088
14400
16704
14016
15360
14016
16704
14016
17088
14400
17088
15936
16896
16128
16896
16320
16704
16512
16128
16512
15936
16704
15360
16704
15936
16704
16128
16512
16704
16512
16896
16320
16896
16128
17088
15936
17088
14400
17280
14208
19584
14208
19776
14400
19776
16320
19968
16512
19776
16320
19776
11520
19968
11328
21120
11328
21312
11520
21312
12864
21312
11520
21120
11328
Line
15744
9984
18816
9984
Line
28224
9792
28224
10368
28032
10560
28032
11328
27840
11520
28032
11328
28032
10560
28224
10368
over
