Boundary
22080
7296
22848
8064
23232
8064
23424
7872
24000
7872
24576
7296
30720
7296
31104
7680
31104
9600
30912
9792
30144
9792
29952
9600
29952
9024
29952
9600
29760
9792
28416
9792
28224
9984
28224
11328
28032
11520
28032
11712
27648
12096
25536
12096
25344
12288
25152
12096
22656
12096
22464
12288
22272
12096
22464
12288
22656
12096
25152
12096
25344
12288
25344
14976
25152
15168
24768
15168
24576
15360
24576
19200
24384
19392
20736
19392
20544
19584
20544
21696
20736
21888
22080
21888
22848
22656
22848
23424
23040
23616
23040
23808
23424
24192
26880
24192
26688
24000
26688
22464
26880
22272
26880
22080
27072
21888
28224
21888
28416
21696
28416
19392
28608
19200
29568
19200
29952
19584
29952
25152
30336
25536
30336
25920
30144
26112
30144
26688
29952
26880
29376
26880
29184
27072
28992
27072
28800
27264
20352
27264
20160
27072
20160
26496
19776
26112
19200
26112
19008
25920
19008
19968
19008
25920
19200
26112
19776
26112
20160
26496
20160
27072
20352
27264
24384
27264
24576
27456
24576
36480
24384
36672
22272
36672
24384
36672
24576
36864
24576
38208
24384
38400
24576
38208
24576
36864
24768
36672
26112
36672
26304
36864
26304
37056
26496
37248
26496
37440
26688
37632
30720
37632
30912
37824
31488
37824
30912
37824
30720
37632
26688
37632
26496
37440
26496
37248
26304
37056
26304
36864
26112
36672
24768
36672
24576
36480
24576
27456
24768
27264
28800
27264
28992
27072
29184
27072
29376
26880
29952
26880
30144
26688
30144
26112
30336
25920
30336
25728
30720
25344
31104
25344
31296
25536
31488
25536
31296
25536
31104
25344
30720
25344
30528
25536
30336
25536
29952
25152
29952
19584
29568
19200
24768
19200
24576
19008
24576
15360
24768
15168
25152
15168
25344
14976
25344
12288
25536
12096
28032
12096
28416
12480
28416
13440
28416
12480
27840
11904
28032
11712
28032
11520
28224
11328
28224
9984
28416
9792
31872
9792
31296
9792
31104
9600
31104
7680
30720
7296
24576
7296
24000
7872
23424
7872
23232
8064
22848
8064
Rect
23616
21888
25728
21888
25920
22080
26688
22080
26880
22272
26688
22464
26688
24000
26496
24192
23424
24192
23040
23808
23040
23616
22848
23424
22848
22656
Rect
24384
19392
24576
19200
28224
19200
28416
19392
28416
21696
28224
21888
27072
21888
26880
22080
25920
22080
25728
21888
23616
21888
23040
22464
22656
22464
22080
21888
20736
21888
20544
21696
20544
19584
20736
19392
Line
23808
39552
Line
16704
27840
17280
27840
17472
28032
17280
27840
Line
16512
25536
16512
25728
16320
25920
16320
27072
16512
27264
16320
27072
16320
25920
16512
25728
over
