Boundary
21504
7296
24000
7296
Line
26304
38208
27456
38208
27648
38400
27648
39168
27840
39360
27840
39936
27840
39360
27648
39168
27648
38400
27456
38208
Line
17280
36480
21888
36480
22080
36672
22080
38208
21888
38400
18624
38400
18432
38208
18240
38208
18048
38400
18240
38208
18432
38208
18624
38400
22080
38400
22272
38592
22656
38592
22848
38784
25152
38784
22848
38784
22656
38592
22272
38592
22080
38400
22080
36672
21888
36480
Line
27648
30720
28800
30720
Line
30912
28608
31296
28992
31680
28992
31872
29184
31872
30720
31872
29184
31680
28992
31296
28992
Line
29184
28224
30336
28224
Line
31296
26112
Line
31104
18432
31104
19200
Line
30528
18048
Line
23808
17088
23808
17856
23616
18048
23616
18432
23808
18624
23616
18432
23616
18048
24000
17664
24192
17664
24384
17856
30144
17856
24384
17856
24192
17664
24000
17664
23808
17472
Line
23616
16512
Line
20160
13632
20544
13632
Line
31104
12288
31104
13056
Line
18816
12288
18624
12480
18240
12480
18624
12480
Line
22848
11520
21888
12480
21696
12288
21312
12288
21696
12288
21888
12480
21888
16128
21696
16320
20544
16320
20352
16128
20352
15168
20160
14976
16704
14976
16512
15168
15168
15168
16512
15168
16704
14976
20160
14976
20352
15168
20352
17280
19584
18048
16896
18048
16320
17472
16128
17472
15936
17280
15744
17280
15936
17280
16128
17472
16320
17472
16896
18048
16320
18624
15168
18624
16320
18624
16896
18048
19584
18048
20160
18624
21888
18624
22080
18816
22080
20928
22272
21120
22080
21312
15360
21312
22080
21312
22272
21120
22464
21120
22656
21312
23040
21312
23232
21504
23232
23232
23424
23424
23424
24000
23232
24192
21696
24192
21504
24000
18816
24000
18432
24384
18432
25344
18624
25536
18624
25920
18624
25536
18432
25344
18432
24384
18816
24000
21504
24000
21888
24384
21888
27648
22080
27840
21888
28032
17280
28032
17088
27840
15168
27840
17088
27840
17280
28032
21696
28032
21888
28224
21888
29952
22080
30144
22080
30528
21504
31104
21120
30720
19392
30720
18816
31296
17280
31296
16704
30720
15168
30720
16704
30720
17280
31296
16896
31680
16896
33984
16704
34176
16128
34176
19200
34176
19392
34368
20352
34368
20544
34176
20352
34368
19392
34368
19200
34176
19200
31872
18816
31488
18816
31296
19392
30720
21120
30720
21504
31104
21504
31488
21888
31872
21888
33024
21696
33216
21696
33984
21888
34176
21696
33984
21696
33216
21888
33024
21888
31872
21504
31488
21504
31104
22080
30528
23808
30528
22272
30528
22080
30336
22080
30144
21888
29952
21888
28032
22080
27840
23040
27840
23232
27648
23424
27648
23616
27456
23616
26112
23808
25920
23808
25728
24000
25536
24000
24576
24192
24384
26880
24384
27072
24576
27264
24384
28608
24384
28800
24576
31872
24576
28800
24576
28608
24384
27264
24384
27072
24576
26880
24384
24192
24384
24000
24576
23424
24000
23424
23424
23232
23232
23232
21504
23040
21312
22656
21312
22464
21120
22272
21120
22080
20928
22080
16704
21888
16512
21888
12480
22848
11520
24384
11520
Line
17280
31296
18624
31296
19200
31872
19200
33984
19008
34176
17088
34176
16896
33984
16896
31680
Line
21888
24384
22080
24192
23616
24192
24000
24576
24000
25536
23808
25728
23808
25920
23616
26112
23616
27456
23424
27648
23232
27648
23040
27840
22080
27840
21888
27648
Line
20352
16512
20544
16320
21696
16320
22080
16704
22080
18432
21888
18624
20160
18624
19776
18240
19776
17856
20352
17280
Line
24000
9024
23808
9216
23040
9216
22848
9408
22848
9792
22848
9408
23040
9216
23808
9216
24000
9024
27456
9024
27648
9216
27648
10944
27456
11136
25152
11136
27456
11136
27648
10944
27648
9216
27456
9024
over
