Boundary
25152
11328
25152
11904
25344
12096
25344
12864
25152
13056
25152
17664
24960
17856
24000
17856
23616
18240
23616
18432
23232
18816
21696
18816
21504
18624
21504
27648
21312
27840
19968
27840
19776
28032
19584
27840
19776
28032
19776
28800
19584
28992
19392
28992
19008
29376
19008
29568
18624
29952
18432
29952
18240
30144
17664
30144
17472
30336
17280
30336
16896
30720
16896
33984
17088
34176
17088
34752
17280
34944
17088
34752
17088
34176
16896
33984
16896
30720
17280
30336
17472
30336
17664
30144
18240
30144
18432
29952
18624
29952
19008
29568
19008
29376
19392
28992
19584
28992
19776
28800
19776
28032
19968
27840
22656
27840
22848
28032
22848
29568
23040
29760
25728
29760
25920
29952
29184
29952
29568
29568
30336
29568
30720
29184
30720
28992
30912
28800
31104
28800
31296
28992
31488
28992
31872
29376
33984
29376
34176
29568
34368
29568
34176
29568
33984
29376
33984
28800
33984
29184
33792
29376
31872
29376
31488
28992
31296
28992
30912
28608
30912
28032
30720
27840
29376
27840
29184
27648
29184
26496
28992
26304
28992
19392
28800
19200
27648
19200
27456
19008
27456
18432
27072
18048
25344
18048
25152
17856
25152
13056
25344
12864
25344
12096
25152
11904
Rect
29184
28032
29376
27840
30720
27840
30912
28032
30912
28800
30720
28992
30720
29184
30336
29568
29568
29568
29184
29952
28224
29952
28032
29760
28032
28608
28224
28416
28992
28416
29184
28224
Rect
24768
28032
24960
27840
26112
27840
26496
28224
27456
28224
27648
28416
27840
28416
28032
28608
28032
29760
27840
29952
25920
29952
25728
29760
24960
29760
24768
29568
Rect
22848
28032
23040
27840
24576
27840
24768
28032
24768
29568
24576
29760
23040
29760
22848
29568
Rect
23040
21888
23232
21696
23424
21696
23808
22080
23808
27648
23616
27840
21696
27840
21504
27648
21504
22080
21696
21888
Rect
26304
21120
26496
20928
28800
20928
28992
21120
28992
26304
29184
26496
29184
28224
28992
28416
27648
28416
27456
28224
26496
28224
26304
28032
26304
27456
26112
27264
26112
25152
26304
24960
Rect
21504
19008
21696
18816
22848
18816
23040
19008
23040
20928
23424
21312
23424
21504
23040
21888
21696
21888
21504
21696
Rect
24000
17856
25152
17856
25344
18048
27072
18048
27456
18432
27456
19008
27648
19200
28800
19200
28992
19392
28992
20736
28800
20928
26496
20928
26304
21120
26304
24960
26112
25152
26112
27264
26304
27456
26304
27648
26112
27840
24000
27840
23808
27648
23808
22080
23424
21696
23424
21312
23040
20928
23040
19008
23616
18432
23616
18240
Line
25344
31872
25344
35904
25152
36096
25152
39360
25344
39552
25152
39360
25152
36096
25344
35904
Line
13248
29952
13056
30144
12864
30144
13056
30144
13248
29952
13440
29952
Line
13056
27648
13248
27648
Line
34368
19200
38016
19200
Line
19200
17088
19200
17280
19392
17472
19200
17664
19200
18432
19200
17664
19392
17472
19968
17472
20160
17280
20352
17280
20160
17280
19968
17472
19392
17472
19200
17280
over
