Boundary
26688
20928
26688
21120
Line
25536
28416
26688
28416
Line
24384
22464
24384
22656
24192
22848
24192
23808
24192
22848
24384
22656
Line
27648
21312
27456
21504
27456
23040
27072
23424
26880
23424
27072
23424
27264
23232
27456
23232
27648
23424
32064
23424
32256
23616
32064
23808
32064
25920
31872
26112
25152
26112
24960
26304
24768
26112
21312
26112
21120
25920
21120
25728
21120
26112
20928
26304
20160
26304
20928
26304
21120
26112
24768
26112
24960
26304
24960
27072
24960
26304
25152
26112
30720
26112
30912
26304
30912
27840
30912
26304
31104
26112
31872
26112
32064
25920
32640
25920
32256
25920
32064
25728
32064
23808
32448
23424
32256
23616
32064
23424
30144
23424
29952
23232
29952
21696
30144
21504
30144
21312
30144
21504
29952
21696
29952
23232
29760
23424
27648
23424
27456
23232
27456
21504
27648
21312
27840
21312
over
