Boundary
25344
21504
25344
23040
Line
25728
25728
25728
25920
25536
26112
25536
27456
25728
27648
25728
28032
25728
27648
25920
27456
26880
27456
27072
27648
27072
27840
27072
26112
27264
25920
32640
25920
27264
25920
27072
26112
27072
27264
26880
27456
25920
27456
25728
27648
25536
27456
25536
26112
25728
25920
Line
22272
24384
22080
24576
20160
24576
22080
24576
22272
24384
25344
24384
25536
24576
25728
24576
25536
24576
25344
24384
Line
27072
21504
27072
22848
27264
23040
29568
23040
29760
23232
32640
23232
30720
23232
30528
23040
30528
21504
30528
23040
30336
23232
29760
23232
29568
23040
27264
23040
27072
22848
over
