Boundary
19968
19584
20736
19584
20928
19776
20736
19968
20736
24192
20928
24384
20928
29184
20736
29376
19968
29376
21120
29376
21312
29568
24960
29568
25152
29760
25152
30144
25344
30336
25344
30720
25344
30336
25152
30144
25152
29760
25344
29568
26304
29568
26496
29376
28992
29376
26496
29376
26304
29568
25344
29568
25152
29376
25152
24960
25344
24768
27648
24768
27840
24960
27840
27072
27840
26304
28032
26112
29184
26112
29376
26304
29376
28800
29376
23808
28992
23424
28416
23424
28224
23232
28224
22080
28032
21888
28032
19776
28224
19584
28992
19584
23232
19584
23040
19776
20928
19776
20736
19584
Rect
20928
25152
21120
24960
23424
24960
23616
25152
23616
29376
23424
29568
21312
29568
20928
29184
Rect
20736
19968
20928
19776
22848
19776
23040
19968
23040
22080
22848
22272
20928
22272
20736
22080
Rect
25920
19776
26112
19584
27840
19584
28032
19776
28032
21696
27840
21888
26112
21888
25920
21696
Rect
23040
19776
23232
19584
25728
19584
25920
19776
25920
21696
26112
21888
28032
21888
28224
22080
28224
23232
28416
23424
28992
23424
29376
23808
29376
25920
29184
26112
28032
26112
27840
25920
27840
24960
27648
24768
25344
24768
25152
24960
25152
29376
24960
29568
23808
29568
23616
29376
23616
25152
23424
24960
21120
24960
20928
24768
20928
24384
20736
24192
20736
22464
20928
22272
22848
22272
23040
22080
Line
25920
41856
28992
41856
Line
19584
26688
19584
27072
19392
27264
19392
28608
19392
27264
19584
27072
Line
9792
23616
9792
24576
9600
24768
8832
24768
9600
24768
9792
24576
Line
29376
19968
29376
20160
29568
20352
29568
21888
29568
20352
29376
20160
over
