Boundary
24576
6528
24384
6720
24384
6912
24576
7104
24576
7872
24768
8064
24768
8448
24576
8640
24576
14592
24768
14784
24768
15552
24576
15744
24576
16320
24768
16512
24768
18048
24576
18240
24576
18432
24960
18816
24960
19008
24576
19392
19968
19392
24384
19392
24576
19584
24384
19776
24384
20544
24192
20736
22272
20736
22080
20928
21312
20928
21120
21120
19584
21120
19392
20928
19392
20160
19392
25920
19200
26112
19584
26496
19584
28800
19968
29184
24384
29184
24576
29376
24576
30336
24576
29568
24768
29376
28992
29376
27840
29376
27648
29184
27648
27840
27456
27648
24960
27648
24768
27456
24192
27456
24000
27648
19776
27648
19584
27456
19584
26496
19200
26112
19392
25920
19392
21312
19584
21120
21120
21120
21312
20928
21888
20928
22080
21120
22080
22464
21888
22656
21312
22656
21888
22656
22080
22848
22080
23424
22272
23616
22464
23616
22656
23808
22656
25728
22848
25920
27072
25920
27264
25728
27264
23808
27456
23616
29184
23616
29760
23040
30144
23040
30528
23424
30528
25920
30336
26112
30336
26304
30144
26496
29568
26496
29376
26688
29376
28800
29376
26688
29568
26496
30144
26496
30336
26304
30336
26112
30528
25920
30528
23424
29952
22848
29952
22656
29376
22080
29376
21120
28992
20736
27456
20736
27264
20544
27264
19584
27456
19392
28992
19392
27456
19392
27264
19584
26688
19584
26112
19008
25152
19008
24576
18432
24576
18240
24768
18048
24768
16512
24576
16320
24576
15744
24768
15552
24768
14784
24576
14592
24576
8640
24768
8448
24768
8064
24576
7872
24576
7104
24384
6912
24384
6720
24576
6528
25536
6528
Rect
24000
27648
24192
27456
24768
27456
24960
27648
27456
27648
27648
27840
27648
29184
27456
29376
24576
29376
24384
29184
19968
29184
19584
28800
19584
27840
19776
27648
Rect
22656
23808
22848
23616
27072
23616
27264
23808
27264
25728
27072
25920
22848
25920
22656
25728
Rect
24960
19008
26112
19008
26688
19584
27072
19584
27264
19776
27264
20544
27456
20736
28992
20736
29376
21120
29376
22080
29952
22656
29952
22848
29184
23616
22848
23616
22656
23808
22464
23616
22272
23616
22080
23424
22080
20928
22272
20736
24384
20736
24576
20928
24384
20736
24384
19776
24576
19584
24576
19392
Line
25344
41280
25920
41280
Line
24000
41280
Line
24576
41088
Line
8832
25536
8832
25728
8640
25920
8640
26496
8832
26688
8832
27648
8832
26688
8640
26496
8640
25920
8832
25728
Line
34560
23424
34752
23616
35520
23616
34752
23616
over
