Boundary
20160
19392
24768
19392
24960
19584
27456
19584
27648
19776
27648
20736
27456
20928
19776
20928
19584
20736
19584
20160
19584
20736
19776
20928
19584
21120
19584
27264
19392
27456
19392
28416
19584
28608
19584
28800
19584
28608
19392
28416
19392
27456
19584
27264
19584
23808
19776
23616
29184
23616
29376
23808
29376
25728
29184
25920
29184
26112
28800
26496
28608
26496
28800
26496
28992
26304
29184
26304
29376
26496
29376
28608
29376
26496
29184
26304
29184
25920
29376
25728
29376
23808
29184
23616
27648
23616
27456
23424
27456
21312
27648
21120
27648
19776
27840
19584
28800
19584
29184
19968
29184
22080
29184
19968
28800
19584
24960
19584
24768
19392
Rect
21120
21120
21312
20928
27456
20928
27648
21120
27456
21312
27456
23424
27264
23616
21504
23616
21312
23424
21312
22080
21120
21888
Rect
19584
21120
19776
20928
20928
20928
21120
21120
21120
21888
21312
22080
21312
23424
21120
23616
19776
23616
19584
23424
Line
26304
41856
26112
42048
25728
42048
26112
42048
26304
41856
28992
41856
Line
24960
39168
27840
39168
Line
22272
39168
22464
39168
22656
39360
22656
40320
22848
40512
22656
40320
22656
39360
22464
39168
Line
24576
29376
28992
29376
Line
19968
29376
21504
29376
Line
22080
25728
21888
25920
21888
27456
22080
27648
22080
27840
22272
28032
27264
28032
27072
27840
27072
26112
26688
25728
Line
21888
25920
22080
25728
26688
25728
27072
26112
27072
27840
26880
28032
22272
28032
22080
27840
22080
27648
21888
27456
Line
10560
22272
10560
24768
10176
25152
9792
25152
10176
25152
10560
24768
Line
11328
20928
11328
21504
Line
41856
20160
41856
20352
42048
20544
42048
23424
42048
20544
41856
20352
over
