Boundary
22656
19200
22656
22464
22848
22656
22848
24000
22848
22848
23040
22656
25536
22656
25152
22656
24960
22464
24960
20352
25152
20160
27072
20160
27264
20352
27264
20736
27456
20928
27648
20928
27840
21120
28608
21120
28800
21312
28800
22848
28416
23232
28416
24384
28608
24576
28608
25536
28800
25728
28800
27840
28608
28032
27264
28032
27072
27840
27072
25920
26880
25728
21120
25728
20928
25536
20928
24384
20736
24192
19776
24192
19584
24384
14592
24384
19584
24384
19776
24192
20736
24192
20928
24384
20928
27648
20928
25920
21120
25728
22272
25728
22464
25920
22464
27840
22656
28032
28224
28032
28416
28224
28416
30720
28608
30912
28608
33024
28800
33216
28800
34560
28608
34752
28800
34560
28800
33216
28608
33024
28608
30912
28416
30720
28416
28224
28800
27840
28800
25728
28608
25536
28608
24576
28416
24384
28416
23232
28800
22848
33216
22848
28992
22848
28800
22656
28800
21312
28608
21120
27840
21120
27648
20928
27456
20928
27264
20736
27264
20352
27072
20160
22848
20160
22656
19968
Rect
22464
25920
22656
25728
26880
25728
27072
25920
27072
27840
26880
28032
22656
28032
22464
27840
Rect
22656
20352
22848
20160
24768
20160
24960
20352
24960
22464
24768
22656
22848
22656
22656
22464
Line
30144
33408
30144
33792
Line
21120
29760
21120
29952
20928
30144
20736
30144
20544
30336
20544
36288
20736
36480
20736
37056
20736
36480
20544
36288
20544
30336
20736
30144
20928
30144
21120
29952
Line
30528
24384
30528
27648
30720
27840
32640
27840
32832
28032
33216
28032
32832
28032
32640
27840
30720
27840
30528
27648
30528
25728
30720
25536
33216
25536
30720
25536
30528
25344
over
