Boundary
17088
15168
19008
15168
19200
15360
19200
17280
19008
17472
17088
17472
21120
17472
21312
17664
21120
17856
21120
19008
20736
19392
19968
19392
19776
19584
18816
19584
18432
19200
18624
19392
18624
19776
18432
19968
18432
22848
18240
23040
17856
23040
18240
23040
18432
23232
18432
25344
18624
25536
19008
25536
19200
25728
19200
26880
19008
27072
17088
27072
19008
27072
19200
27264
19200
31488
19008
31680
17088
31680
19008
31680
19200
31872
19200
33792
19008
33984
17088
33984
27456
33984
27648
34176
31872
34176
27648
34176
27456
33984
21888
33984
21696
33792
21696
31680
21888
31488
21888
30336
21696
30144
21696
28224
21888
28032
22080
28032
22272
27840
22272
27648
22656
27264
22848
27264
23232
26880
23232
24768
23424
24576
27840
24576
28032
24384
31872
24384
28032
24384
27840
24576
23424
24576
23232
24384
23232
24192
23040
24000
23040
22656
22656
22272
22656
20928
22272
20544
21312
20544
21120
20352
21120
19776
20928
19584
20928
19200
21120
19008
21120
17856
21504
17472
21696
17472
21888
17280
21888
16704
22080
16512
23616
16512
23808
16320
24192
16320
24576
15936
24576
15744
25152
15168
31872
15168
25152
15168
24576
15744
24576
15936
24192
16320
23808
16320
23616
16512
22080
16512
21888
16704
21888
17280
21696
17472
21504
17472
21312
17664
21120
17472
19392
17472
19200
17280
19200
15360
19392
15168
20736
15168
Rect
20928
20736
21120
20544
22272
20544
22656
20928
22656
22272
23040
22656
23040
24000
23232
24192
23232
24384
23424
24576
23232
24768
23232
26880
22848
27264
22656
27264
22272
27648
22272
27840
22080
28032
21888
28032
21696
28224
21696
30144
21888
30336
21888
31488
21696
31680
21696
33792
21504
33984
19392
33984
19200
33792
19200
25728
19392
25536
20928
25536
21120
25728
21120
26112
21120
22272
20928
22080
Rect
19776
19584
19968
19392
20736
19392
21120
19776
21120
20544
20928
20736
20928
22080
21120
22272
21120
25344
20928
25536
19392
25536
19200
25728
19008
25536
18624
25536
18432
25344
18432
19968
18816
19584
Line
22848
19392
over
