Boundary
24960
13824
24960
15168
24768
15360
23040
15360
22848
15552
22656
15360
21696
15360
21504
15168
21504
14208
21312
14016
20544
14016
20352
14208
17088
14208
20160
14208
20352
14400
20352
15168
20544
15360
22656
15360
22848
15552
22848
17472
22656
17664
19200
17664
19008
17472
19008
16704
18816
16512
18048
16512
18816
16512
19008
16704
19008
17472
19200
17664
20544
17664
20736
17856
20736
19200
20544
19392
20544
19584
20928
19968
21312
19968
21504
20160
22656
20160
22848
20352
23040
20352
23232
20544
23232
21888
23424
22080
24000
22080
24192
22272
24192
22656
24384
22848
24384
24384
24192
24576
24192
25344
24192
24576
24384
24384
24768
24384
24960
24192
31872
24192
24960
24192
24768
24384
24576
24384
24384
24192
24384
22848
24192
22656
24192
22272
24000
22080
23424
22080
23232
21888
23232
20544
23040
20352
22848
20352
22656
20160
22656
17664
22848
17472
22848
15552
23040
15360
24768
15360
24960
15168
Rect
20736
17856
20928
17664
22464
17664
22656
17856
22656
19968
22464
20160
21504
20160
21312
19968
20928
19968
20544
19584
20544
19392
20736
19200
Rect
20352
14208
20544
14016
21312
14016
21504
14208
21504
15168
21312
15360
20544
15360
20352
15168
Line
26112
33792
25920
33984
26112
33792
26688
33792
26880
33984
26880
34176
27264
34560
31872
34560
27264
34560
26880
34176
26880
33984
26688
33792
Line
23424
27840
23424
28992
23232
29184
23040
29184
22848
29376
22656
29376
22464
29568
22080
29568
21696
29952
21696
31872
21504
32064
17088
32064
19968
32064
20160
32256
20160
34176
19968
34368
17088
34368
20160
34368
20352
34560
20352
34752
20544
34944
20352
34752
20352
34560
20160
34368
20160
32256
20352
32064
21504
32064
21696
32256
21696
34368
21888
34560
22464
34560
22656
34752
24192
34752
24384
34560
24384
34368
24576
34176
24960
34176
24576
34176
24384
33984
24384
29952
23616
29184
24192
28608
24384
28608
24192
28608
23808
28992
23616
28992
23424
28800
Line
23232
29184
23424
28992
24384
29952
24384
34560
24192
34752
22656
34752
22464
34560
21888
34560
21696
34368
21696
29952
22080
29568
22464
29568
22656
29376
22848
29376
23040
29184
Line
24000
25920
Line
27648
14400
27456
14592
27648
14400
31872
14400
over
