Boundary
20160
12864
20544
12864
20736
13056
20736
13632
20928
13824
20928
14208
20928
13824
20736
13632
20736
13056
20544
12864
Line
18432
28608
18048
28992
18048
34560
18048
28992
18432
28608
19200
28608
Line
19968
23424
19776
23616
17088
23616
19776
23616
19968
23424
20352
23424
20544
23616
20544
25728
20352
25920
19008
25920
18816
26112
17088
26112
18816
26112
19008
25920
20352
25920
20544
25728
20544
23616
20352
23424
Line
19200
15360
18816
15744
18816
16128
18624
16320
17088
16320
18816
16320
19008
16512
19008
21312
18816
21504
17088
21504
19968
21504
20160
21696
20160
22272
20160
21696
19968
21504
19200
21504
19008
21312
19008
16512
18816
16320
18816
15744
19200
15360
19584
15360
Line
31680
14592
31488
14784
29376
14784
29184
14976
25344
14976
25152
15168
21888
15168
21696
15360
20928
15360
21120
15360
21312
15552
21312
19200
21504
19392
22080
19392
22464
19776
22464
22656
23040
23232
23040
26112
22848
26304
22080
26304
21888
26496
21888
28224
22080
28416
22464
28416
22656
28608
22656
29568
22464
29760
21888
29760
21696
29952
20736
29952
20544
29760
20544
28224
20544
29760
20736
29952
20736
31488
20928
31680
21696
31680
21888
31872
21888
33600
22080
33792
27840
33792
28032
33984
29760
33984
29952
34176
31872
34176
29952
34176
29760
33984
28032
33984
27840
33792
22080
33792
21888
33600
21888
31872
21696
31680
20928
31680
20736
31488
20736
30144
20928
29952
21696
29952
21888
29760
22464
29760
22656
29568
22656
28608
22464
28416
22080
28416
21888
28224
21888
26496
22080
26304
22848
26304
23040
26112
23040
24576
23232
24384
31872
24384
23232
24384
23040
24192
23040
23232
22464
22656
22464
19776
22080
19392
21504
19392
21312
19200
21312
16896
21504
16704
22848
16704
21504
16704
21312
16512
21312
15552
21504
15360
21696
15360
21888
15168
25152
15168
25344
14976
29184
14976
29376
14784
31488
14784
over
