Boundary
25920
14976
25728
15168
23616
15168
24384
15168
24576
15360
24576
16128
24384
16320
23616
16320
23424
16512
21312
16512
21120
16704
21120
22848
21696
23424
20928
24192
21696
23424
22848
23424
23424
22848
23424
16512
23616
16320
24384
16320
24576
16128
24576
15360
24768
15168
25728
15168
25920
14976
28800
14976
28992
15168
30528
15168
30912
15552
30912
15744
31104
15936
30528
16512
29568
16512
29376
16704
26880
16704
26688
16896
26688
20736
26496
20928
26496
21888
26688
22080
26688
23232
27264
23808
26880
24192
26880
24384
26688
24576
26688
25920
26496
26112
24960
26112
24768
25920
24384
25920
24192
25728
24000
25728
23808
25536
22272
25536
23808
25536
24000
25728
24192
25728
24384
25920
24768
25920
25152
26304
25152
30144
25344
30336
25344
33216
25152
33408
25152
34752
25344
34944
25344
39552
25344
34944
25152
34752
25152
33408
25344
33216
25344
30336
25152
30144
25152
29568
25344
29376
26688
29376
26880
29568
32256
29568
32448
29376
34752
29376
32448
29376
32256
29568
26880
29568
26688
29376
25344
29376
25152
29184
25152
26304
25344
26112
26496
26112
26688
25920
26688
24576
26880
24384
26880
24192
27264
23808
28224
23808
28416
23616
29184
23616
29568
23232
29568
19584
29760
19392
33408
19392
33600
19584
33600
19776
33984
20160
34560
20160
34944
20544
34560
20160
33984
20160
33600
19776
33600
19584
33408
19392
29568
19392
29376
19200
29376
16704
29568
16512
30528
16512
31104
15936
31488
15936
31680
15744
31872
15744
32064
15552
33600
15552
32064
15552
31872
15744
31680
15744
31488
15936
31104
15936
30912
15744
30912
15552
30528
15168
28992
15168
28800
14976
Rect
21120
18048
21312
17856
23232
17856
23424
18048
23424
22848
22848
23424
21696
23424
21120
22848
Rect
26688
16896
26880
16704
29184
16704
29376
16896
29376
19200
29568
19392
29568
23232
29184
23616
28416
23616
28224
23808
27264
23808
26688
23232
26688
22080
26496
21888
26496
20928
26688
20736
Rect
21120
16704
21312
16512
23232
16512
23424
16704
23424
17664
23232
17856
21312
17856
21120
17664
Line
18240
32064
18240
32256
18048
32448
18048
33024
18048
32448
18240
32256
Line
23232
28800
23424
28800
Line
22080
28608
21888
28800
21504
28800
21312
28992
21120
28992
21312
28992
21504
28800
21888
28800
22080
28608
22272
28608
Line
15552
25920
15552
26112
15744
26304
15552
26496
15744
26304
16896
26304
17088
26496
17280
26496
17472
26688
17472
28992
17280
29184
16896
29184
16704
29376
16512
29376
16320
29568
16320
29760
16128
29952
16128
31104
16128
29952
16320
29760
16320
29568
16512
29376
16704
29376
16896
29184
17856
29184
18048
29376
18048
29568
18432
29952
18624
29760
18816
29760
19008
29568
20160
29568
20352
29376
20544
29376
20352
29376
20160
29568
19008
29568
18816
29760
18624
29760
18432
29952
18048
29568
18048
29376
17856
29184
17664
29184
17472
28992
17472
26688
17280
26496
17088
26496
16896
26304
15744
26304
15552
26112
Line
36672
20160
36672
20544
over
