Boundary
29184
13056
29184
16512
29376
16704
29184
16896
25152
16896
29184
16896
29376
16704
33600
16704
33792
16512
33600
16704
29376
16704
29184
16512
Line
24192
26304
Line
28608
18432
28416
18624
28416
18816
27456
19776
27456
22080
27264
22272
26304
22272
26112
22464
26304
22272
27264
22272
27456
22464
27840
22464
28032
22656
28032
23616
28224
23808
28224
24576
28032
24768
24384
24768
24192
24576
23040
24576
22656
24960
20928
24960
20736
24768
20736
23424
20928
23232
22080
23232
22272
23040
22272
22464
22464
22272
22656
22272
22848
22080
23808
22080
24000
21888
24000
21696
24192
21504
24768
21504
24576
21312
24576
20928
24576
21312
24384
21504
24192
21504
24000
21696
24000
21888
23808
22080
22848
22080
22656
22272
22464
22272
22272
22464
22272
23040
22080
23232
20928
23232
20736
23424
20736
29760
20544
29952
20544
30336
20352
30528
19584
30528
19392
30720
19200
30720
19008
30912
19008
31872
18816
32064
14976
32064
19008
32064
19200
32256
19584
32256
19776
32448
19776
34368
19968
34560
19776
34368
19776
32256
19968
32064
20352
32064
20544
31872
20928
31872
21120
31680
22080
31680
21120
31680
20928
31872
20736
31872
20544
31680
20544
29952
20736
29760
20736
27840
20928
27648
22848
27648
23040
27840
23040
29184
23232
29376
24000
29376
23232
29376
23040
29184
23040
27840
22848
27648
22848
24768
23040
24576
24192
24576
24384
24768
25728
24768
25920
24960
25920
28800
25920
27264
26112
27072
28032
27072
28224
26880
28224
23808
28032
23616
28032
22656
27840
22464
27456
22464
27264
22272
27456
22080
27456
19776
28416
18816
28416
18624
Line
19392
30720
19584
30528
20352
30528
20544
30720
20544
31872
20352
32064
19968
32064
19776
32256
19200
32256
19008
32064
19008
30912
19200
30720
Line
20736
25152
20928
24960
22656
24960
22848
25152
22848
27456
22656
27648
20928
27648
20736
27456
Line
25920
24960
26112
24768
28032
24768
28224
24960
28224
26880
28032
27072
26112
27072
25920
26880
over
