Boundary
29952
16704
29760
16896
27648
16896
27456
17088
27648
16896
29760
16896
29952
16704
33792
16704
33984
16896
33792
16704
Line
24000
30336
Line
24576
20160
24576
21120
24768
21312
24768
22464
24576
22656
23616
22656
23040
23232
23040
24384
22848
24576
20928
24576
20736
24768
20736
29760
21120
30144
21120
30528
20928
30720
20928
32448
20736
32640
18048
32640
22464
32640
22656
32448
22848
32448
23040
32640
24000
32640
23040
32640
22848
32448
22656
32448
22464
32640
21120
32640
20928
32448
20928
30720
21312
30336
21504
30336
21696
30144
21888
30144
21696
30144
21504
30336
21312
30336
20736
29760
20736
27264
20928
27072
23232
27072
23424
27264
23232
27456
23232
29568
23232
27456
23424
27264
25920
27264
26112
27456
26112
28032
25920
28224
25920
28800
25920
28224
26112
28032
26112
27264
26304
27072
28032
27072
28224
26880
28224
24768
28032
24576
26112
24576
25920
24384
25920
22848
25728
22656
24960
22656
24768
22464
24768
21312
24576
21120
Line
25920
24768
26112
24576
28032
24576
28224
24768
28224
26880
28032
27072
26304
27072
26112
27264
25920
27072
Line
20736
24768
20928
24576
22848
24576
23040
24768
23040
26880
22848
27072
20928
27072
20736
26880
Line
23616
22656
25728
22656
25920
22848
25920
27072
25728
27264
23424
27264
23040
26880
23040
23232
over
