Boundary
28416
19200
28416
19392
28224
19584
27840
19584
28224
19584
28416
19392
Line
20160
31104
19968
31296
19968
31488
19776
31680
19776
31872
19584
32064
16704
32064
19584
32064
19776
31872
19776
31680
19968
31488
19968
31296
20160
31104
24000
31104
Line
25152
19392
25920
19392
26112
19584
26112
24000
25920
24192
23232
24192
23040
24000
23040
20160
23040
20928
22848
21120
21120
21120
20736
21504
20736
23424
20928
23616
20928
25344
21120
25536
22272
25536
22848
26112
24192
26112
24384
26304
24384
28800
24384
26496
24576
26304
25728
26304
25920
26112
25920
25920
26112
25728
26304
25728
26496
25536
28224
25536
28416
25344
28416
20928
28224
20736
26304
20736
26112
20544
26112
19584
25920
19392
Line
26112
23616
26304
23424
28224
23424
28416
23616
28416
25344
28224
25536
26496
25536
26304
25728
26112
25728
25920
25920
25920
26112
25728
26304
24384
26304
24192
26112
22848
26112
22272
25536
21120
25536
20928
25344
20928
23808
21120
23616
22848
23616
23040
23808
23040
24000
23232
24192
25920
24192
26112
24000
Line
21120
21120
22848
21120
23040
21312
23040
23424
22848
23616
20928
23616
20736
23424
20736
21504
Line
26112
20928
26304
20736
28224
20736
28416
20928
28416
23232
28224
23424
26304
23424
26112
23232
over
